00044444444444444444444444444444444444444444444444444444444444444444444444444444444444444444444444444444444444444444444444444444444444444444444444444444444444444444444444444444444444444444444444444444
00044400000009690000644000499990044400000044440000000969000064400049999004440000004444000000096900006440004999900444000000444400000009690000644000499990044400000044440000000969000064400049999004440004
40000000000999600000640000944000004009900000000000099960000064000094400000400990000000000009996000006400009440000040099000000000000999600000640000944000004009900000000000099960000064000094400000400994
40000000009999600000600009990000000099900000000000999960000060000999000000009990000000000099996000006000099900000000999000000000009999600000600009990000000099900000000000999960000060000999000000009994
49000000000999600000600000400009099009900900000000099960000060000040000909900990090000000009996000006000004000090990099009000000000999600000600000400009099009900900000000099960000060000040000909900994
40000000000009666166600000400090049000900000000000000966616660000040009004900090000000000000096661666000004000900490009000000000000009666166600000400090049000900000000000000966616660000040009004900094
49400004940000004009000099990999000040000940000494000000400900009999099900004000094000049400000040090000999909990000400009400004940000004009000099990999000040000940000494000000400900009999099900004004
49400009490000000000000000949400000049999940000949000000000000000094940000004999994000094900000000000000009494000000499999400009490000000000000000949400000049999940000949000000000000000094940000004994
40000000000000000000000090004000000400000000000000000000000000009000400000040000000000000000000000000000900040000004000000000000000000000000000090004000000400000000000000000000000000009000400000040004
40444000444004004044440400040400004000000044400044400400404444040004040000400000004440004440040040444404000404000040000000444000444004004044440400040400004000000044400044400400404444040004040000400004
40404004999404094040000040400040049000400040400499940409404000004040004004900040004040049994040940400000404000400490004000404004999404094040000040400040049000400040400499940409404000004040004004900044
40444004090404904040040004000004099900000044400409040490404004000400000409990000004440040904049040400400040000040999000000444004090404904040040004000004099900000044400409040490404004000400000409990004
40400400444000449904440004000009944900000040040044400044990444000400000994490000004004004440004499044400040000099449000000400400444000449904440004000009944900000040040044400044990444000400000994490004
40000000000000000000000000000000904000000000000000000000000000000000000090400000000000000000000000000000000000009040000000000000000000000000000000000000904000000000000000000000000000000000000090400004
49944449000000000009900000009000000444404994444900000000000990000000900000044440499444490000000000099000000090000004444049944449000000000009900000009000000444404994444900000000000990000000900000044444
40999440000049044449944440099900990000000099944000004904444994444009990099000000009994400000490444499444400999009900000000999440000049044449944440099900990000000099944000004904444994444009990099000004
40000000000049000000900000009009004944444000000000004900000090000000900900494444400000000000490000009000000090090049444440000000000049000000900000009009004944444000000000004900000090000000900900494444
40004000000040000099000040000900004000099000400000004000009900004000090000400009900040000000400000990000400009000040000990004000000040000099000040000900004000099000400000004000009900004000090000400004
49004440000040000559000040094000994000999900444000004000055900004009400099400099990044400000400005590000400940009940009999004440000040000559000040094000994000999900444000004000055900004009400099400094
49900040000999000550040040994004444990099990004000099900055004004099400444499009999000400009990005500400409940044449900999900040000999000550040040994004444990099990004000099900055004004099400444499004
49990040000999000000004040094099444444009999004000099900000000404009409944444400999900400009990000000040400940994444440099990040000999000000004040094099444444009999004000099900000000404009409944444404
49999040000444000009900444444444444444400999904000044400000990044444444444444440099990400004440000099004444444444444444009999040000444000009900444444444444444400999904000044400000990044444444444444440
44999900000040000000940000000000000009000499990000004000000094000000000000000900049999000000400000009400000000000000090004999900000040000000940000000000000009000499990000004000000094000000000000000904
40444400000009690000644000499990044400000044440000000969000064400049999004440000004444000000096900006440004999900444000000444400000009690000644000499990044400000044440000000969000064400049999004440004
40000000000999600000640000944000004009900000000000099960000064000094400000400990000000000009996000006400009440000040099000000000000999600000640000944000004009900000000000099960000064000094400000400994
40000000009999600000600009990000000099900000000000999960000060000999000000009990000000000099996000006000099900000000999000000000009999600000600009990000000099900000000000999960000060000999000000009994
49000000000999600000600000400009099009900900000000099960000060000040000909900990090000000009996000006000004000090990099009000000000999600000600000400009099009900900000000099960000060000040000909900994
40000000000009666166600000400090049000900000000000000966616660000040009004900090000000000000096661666000004000900490009000000000000009666166600000400090049000900000000000000966616660000040009004900094
49400004940000004009000099990999000040000940000494000000400900009999099900004000094000049400000040090000999909990000400009400004940000004009000099990999000040000940000494000000400900009999099900004004
49400009490000000000000000949400000049999940000949000000000000000094940000004999994000094900000000000000009494000000499999400009490000000000000000949400000049999940000949000000000000000094940000004994
40000000000000000000000090004000000400000000000000000000000000009000400000040000000000000000000000000000900040000004000000000000000000000000000090004000000400000000000000000000000000009000400000040004
40444000444004004044440400040400004000000044400044400400404444040004040000400000004440004440040040444404000404000040000000444000444004004044440400040400004000000044400044400400404444040004040000400004
40404004999404094040000040400040049000400040400499940409404000004040004004900040004040049994040940400000404000400490004000404004999404094040000040400040049000400040400499940409404000004040004004900044
40444004090404904040040004000004099900000044400409040490404004000400000409990000004440040904049040400400040000040999000000444004090404904040040004000004099900000044400409040490404004000400000409990004
40400400444000449904440004000009944900000040040044400044990444000400000994490000004004004440004499044400040000099449000000400400444000449904440004000009944900000040040044400044990444000400000994490004
40000000000000000000000000000000904000000000000000000000000000000000000090400000000000000000000000000000000000009040000000000000000000000000000000000000904000000000000000000000000000000000000090400004
49944449000000000009900000009000000444404994444900000000000990000000900000044440499444490000000000099000000090000004444049944449000000000009900000009000000444404994444900000000000990000000900000044444
40999440000049044449944440099900990000000099944000004904444994444009990099000000009994400000490444499444400999009900000000999440000049044449944440099900990000000099944000004904444994444009990099000004
40000000000049000000900000009009004944444000000000004900000090000000900900494444400000000000490000009000000090090049444440000000000049000000900000009009004944444000000000004900000090000000900900494444
40004000000040000099000040000900004000099000400000004000009900004000090000400009900040000000400000990000400009000040000990004000000040000099000040000900004000099000400000004000009900004000090000400004
49004440000040000559000040094000994000999900444000004000055900004009400099400099990044400000400005590000400940009940009999004440000040000559000040094000994000999900444000004000055900004009400099400094
49900040000999000550040040994004444990099990004000099900055004004099400444499009999000400009990005500400409940044449900999900040000999000550040040994004444990099990004000099900055004004099400444499004
49990040000999000000004040094099444444009999004000099900000000404009409944444400999900400009990000000040400940994444440099990040000999000000004040094099444444009999004000099900000000404009409944444404
49999040000444000009900444444444444444400999904000044400000990044444444444444440099990400004440000099004444444444444444009999040000444000009900444444444444444400999904000044400000990044444444444444444
44999900000040000000940000000000000009000499990000004000000094000000000000000900049999000000400000009400000000000000090004999900000040000000940000000000000009000499990000004000000094000000000000000904
40444400000009690000644000499990044400000044440000000969000064400049999004440000004444000000096900006440004999900444000000444400000009690000644000499990044400000044440000000969000064400049999004440004
40000000000999600000640000944000004009900000000000099960000064000094400000400990000000000009996000006400009440000040099000000000000999600000640000944000004009900000000000099960000064000094400000400994
40000000009999600000600009990000000099900000000000999960000060000999000000009990000000000099996000006000099900000000999000000000009999600000600009990000000099900000000000999960000060000999000000009994
49000000000999600000600000400009099009900900000000099960000060000040000909900990090000000009996000006000004000090990099009000000000999600000600000400009099009900900000000099960000060000040000909900994
40000000000009666166600000400090049000900000000000000966616660000040009004900090000000000000096661666000004000900490009000000000000009666166600000400090049000900000000000000966616660000040009004900094
49400004940000004009000099990999000040000940000494000000400900009999099900004000094000049400000040090000999909990000400009400004940000004009000099990999000040000940000494000000400900009999099900004004
49400009490000000000000000949400000049999940000949000000000000000094940000004999994000094900000000000000009494000000499999400009490000000000000000949400000049999940000949000000000000000094940000004994
40000000000000000000000090004000000400000000000000000000000000009000400000040000000000000000000000000000900040000004000000000000000000000000000090004000000400000000000000000000000000009000400000040004
40444000444004004044440400040400004000000044400044400400404444040004040000400000004440004440040040444404000404000040000000444000444004004044440400040400004000000044400044400400404444040004040000400004
40404004999404094040000040400040049000400040400499940409404000004040004004900040004040049994040940400000404000400490004000404004999404094040000040400040049000400040400499940409404000004040004004900044
40444004090404904040040004000004099900000044400409040490404004000400000409990000004440040904049040400400040000040999000000444004090404904040040004000004099900000044400409040490404004000400000409990004
40400400444000449904440004000009944900000040040044400044990444000400000994490000004004004440004499044400040000099449000000400400444000449904440004000009944900000040040044400044990444000400000994490004
40000000000000000000000000000000904000000000000000000000000000000000000090400000000000000000000000000000000000009040000000000000000000000000000000000000904000000000000000000000000000000000000090400004
49944449000000000009900000009000000444404994444900000000000990000000900000044440499444490000000000099000000090000004444049944449000000000009900000009000000444404994444900000000000990000000900000044444
40999440000049044449944440099900990000000099944000004904444994444009990099000000009994400000490444499444400999009900000000999440000049044449944440099900990000000099944000004904444994444009990099000004
40000000000049000000900000009009004944444000000000004900000090000000900900494444400000000000490000009000000090090049444440000000000049000000900000009009004944444000000000004900000090000000900900494444
40004000000040000099000040000900004000099000400000004000009900004000090000400009900040000000400000990000400009000040000990004000000040000099000040000900004000099000400000004000009900004000090000400004
49004440000040000559000040094000994000999900444000004000055900004009400099400099990044400000400005590000400940009940009999004440000040000559000040094000994000999900444000004000055900004009400099400094
49900040000999000550040040994004444990099990004000099900055004004099400444499009999000400009990005500400409940044449900999900040000999000550040040994004444990099990004000099900055004004099400444499004
49990040000999000000004040094099444444009999004000099900000000404009409944444400999900400009990000000040400940994444440099990040000999000000004040094099444444009999004000099900000000404009409944444404
49999040000444000009900444444444444444400999904000044400000990044444444444444440099990400004440000099004444444444444444009999040000444000009900444444444444444400999904000044400000990044444444444444444
44999900000040000000940000000000000009000499990000004000000094000000000000000900049999000000400000009400000000000000090004999900000040000000940000000000000009000499990000004000000094000000000000000904
40444400000009690000644000499990044400000044440000000969000064400049999004440000004444000000096900006440004999900444000000444400000009690000644000499990044400000044440000000969000064400049999004440004
40000000000999600000640000944000004009900000000000099960000064000094400000400990000000000009996000006400009440000040099000000000000999600000640000944000004009900000000000099960000064000094400000400994
40000000009999600000600009990000000099900000000000999960000060000999000000009990000000000099996000006000099900000000999000000000009999600000600009990000000099900000000000999960000060000999000000009994
49000000000999600000600000400009099009900900000000099960000060000040000909900990090000000009996000006000004000090990099009000000000999600000600000400009099009900900000000099960000060000040000909900994
40000000000009666166600000400090049000900000000000000966616660000040009004900090000000000000096661666000004000900490009000000000000009666166600000400090049000900000000000000966616660000040009004900094
49400004940000004009000099990999000040000940000494000000400900009999099900004000094000049400000040090000999909990000400009400004940000004009000099990999000040000940000494000000400900009999099900004004
49400009490000000000000000949400000049999940000949000000000000000094940000004999994000094900000000000000009494000000499999400009490000000000000000949400000049999940000949000000000000000094940000004994
40000000000000000000000090004000000400000000000000000000000000009000400000040000000000000000000000000000900040000004000000000000000000000000000090004000000400000000000000000000000000009000400000040004
40444000444004004044440400040400004000000044400044400400404444040004040000400000004440004440040040444404000404000040000000444000444004004044440400040400004000000044400044400400404444040004040000400004
40404004999404094040000040400040049000400040400499940409404000004040004004900040004040049994040940400000404000400490004000404004999404094040000040400040049000400040400499940409404000004040004004900044
40444004090404904040040004000004099900000044400409040490404004000400000409990000004440040904049040400400040000040999000000444004090404904040040004000004099900000044400409040490404004000400000409990004
40400400444000449904440004000009944900000040040044400044990444000400000994490000004004004440004499044400040000099449000000400400444000449904440004000009944900000040040044400044990444000400000994490004
40000000000000000000000000000000904000000000000000000000000000000000000090400000000000000000000000000000000000009040000000000000000000000000000000000000904000000000000000000000000000000000000090400004
49944449000000000009900000009000000444404994444900000000000990000000900000044440499444490000000000099000000090000004444049944449000000000009900000009000000444404994444900000000000990000000900000044444
40999440000049044449944440099900990000000099944000004904444994444009990099000000009994400000490444499444400999009900000000999440000049044449944440099900990000000099944000004904444994444009990099000004
40000000000049000000900000009009004944444000000000004900000090000000900900494444400000000000490000009000000090090049444440000000000049000000900000009009004944444000000000004900000090000000900900494444
40004000000040000099000040000900004000099000400000004000009900004000090000400009900040000000400000990000400009000040000990004000000040000099000040000900004000099000400000004000009900004000090000400004
49004440000040000559000040094000994000999900444000004000055900004009400099400099990044400000400005590000400940009940009999004440000040000559000040094000994000999900444000004000055900004009400099400094
49900040000999000550040040994004444990099990004000099900055004004099400444499009999000400009990005500400409940044449900999900040000999000550040040994004444990099990004000099900055004004099400444499004
49990040000999000000004040094099444444009999004000099900000000404009409944444400999900400009990000000040400940994444440099990040000999000000004040094099444444009999004000099900000000404009409944444404
49999040000444000009900444444444444444400999904000044400000990044444444444444440099990400004440000099004444444444444444009999040000444000009900444444444444444400999904000044400000990044444444444444444
44999900000040000000940000000000000009000499990000004000000094000000000000000900049999000000400000009400000000000000090004999900000040000000940000000000000009000499990000004000000094000000000000000904
40444400000009690000644000499990044400000044440000000969000064400049999004440000004444000000096900006440004999900444000000444400000009690000644000499990044400000044440000000969000064400049999004440004
40000000000999600000640000944000004009900000000000099960000064000094400000400990000000000009996000006400009440000040099000000000000999600000640000944000004009900000000000099960000064000094400000400994
40000000009999600000600009990000000099900000000000999960000060000999000000009990000000000099996000006000099900000000999000000000009999600000600009990000000099900000000000999960000060000999000000009994
49000000000999600000600000400009099009900900000000099960000060000040000909900990090000000009996000006000004000090990099009000000000999600000600000400009099009900900000000099960000060000040000909900994
40000000000009666166600000400090049000900000000000000966616660000040009004900090000000000000096661666000004000900490009000000000000009666166600000400090049000900000000000000966616660000040009004900094
49400004940000004009000099990999000040000940000494000000400900009999099900004000094000049400000040090000999909990000400009400004940000004009000099990999000040000940000494000000400900009999099900004004
49400009490000000000000000949400000049999940000949000000000000000094940000004999994000094900000000000000009494000000499999400009490000000000000000949400000049999940000949000000000000000094940000004994
40000000000000000000000090004000000400000000000000000000000000009000400000040000000000000000000000000000900040000004000000000000000000000000000090004000000400000000000000000000000000009000400000040004
40444000444004004044440400040400004000000044400044400400404444040004040000400000004440004440040040444404000404000040000000444000444004004044440400040400004000000044400044400400404444040004040000400004
40404004999404094040000040400040049000400040400499940409404000004040004004900040004040049994040940400000404000400490004000404004999404094040000040400040049000400040400499940409404000004040004004900044
40444004090404904040040004000004099900000044400409040490404004000400000409990000004440040904049040400400040000040999000000444004090404904040040004000004099900000044400409040490404004000400000409990004
40400400444000449904440004000009944900000040040044400044990444000400000994490000004004004440004499044400040000099449000000400400444000449904440004000009944900000040040044400044990444000400000994490004
40000000000000000000000000000000904000000000000000000000000000000000000090400000000000000000000000000000000000009040000000000000000000000000000000000000904000000000000000000000000000000000000090400004
49944449000000000009900000009000000444404994444900000000000990000000900000044440499444490000000000099000000090000004444049944449000000000009900000009000000444404994444900000000000990000000900000044444
40999440000049044449944440099900990000000099944000004904444994444009990099000000009994400000490444499444400999009900000000999440000049044449944440099900990000000099944000004904444994444009990099000004
40000000000049000000900000009009004944444000000000004900000090000000900900494444400000000000490000009000000090090049444440000000000049000000900000009009004944444000000000004900000090000000900900494444
40004000000040000099000040000900004000099000400000004000009900004000090000400009900040000000400000990000400009000040000990004000000040000099000040000900004000099000400000004000009900004000090000400004
49004440000040000559000040094000994000999900444000004000055900004009400099400099990044400000400005590000400940009940009999004440000040000559000040094000994000999900444000004000055900004009400099400094
49900040000999000550040040994004444990099990004000099900055004004099400444499009999000400009990005500400409940044449900999900040000999000550040040994004444990099990004000099900055004004099400444499004
49990040000999000000004040094099444444009999004000099900000000404009409944444400999900400009990000000040400940994444440099990040000999000000004040094099444444009999004000099900000000404009409944444404
49999040000444000009900444444444444444400999904000044400000990044444444444444440099990400004440000099004444444444444444009999040000444000009900444444444444444400999904000044400000990044444444444444444
44999900000040000000940000000000000009000499990000004000000094000000000000000900049999000000400000009400000000000000090004999900000040000000940000000000000009000499990000004000000094000000000000000904
40444400000009690000644000499990044400000044440000000969000064400049999004440000004444000000096900006440004999900444000000444400000009690000644000499990044400000044440000000969000064400049999004440004
40000000000999600000640000944000004009900000000000099960000064000094400000400990000000000009996000006400009440000040099000000000000999600000640000944000004009900000000000099960000064000094400000400994
40000000009999600000600009990000000099900000000000999960000060000999000000009990000000000099996000006000099900000000999000000000009999600000600009990000000099900000000000999960000060000999000000009994
49000000000999600000600000400009099009900900000000099960000060000040000909900990090000000009996000006000004000090990099009000000000999600000600000400009099009900900000000099960000060000040000909900994
40000000000009666166600000400090049000900000000000000966616660000040009004900090000000000000096661666000004000900490009000000000000009666166600000400090049000900000000000000966616660000040009004900094
49400004940000004009000099990999000040000940000494000000400900009999099900004000094000049400000040090000999909990000400009400004940000004009000099990999000040000940000494000000400900009999099900004004
49400009490000000000000000949400000049999940000949000000000000000094940000004999994000094900000000000000009494000000499999400009490000000000000000949400000049999940000949000000000000000094940000004994
40000000000000000000000090004000000400000000000000000000000000009000400000040000000000000000000000000000900040000004000000000000000000000000000090004000000400000000000000000000000000009000400000040004
40444000444004004044440400040400004000000044400044400400404444040004040000400000004440004440040040444404000404000040000000444000444004004044440400040400004000000044400044400400404444040004040000400004
40404004999404094040000040400040049000400040400499940409404000004040004004900040004040049994040940400000404000400490004000404004999404094040000040400040049000400040400499940409404000004040004004900044
40444004090404904040040004000004099900000044400409040490404004000400000409990000004440040904049040400400040000040999000000444004090404904040040004000004099900000044400409040490404004000400000409990004
40400400444000449904440004000009944900000040040044400044990444000400000994490000004004004440004499044400040000099449000000400400444000449904440004000009944900000040040044400044990444000400000994490004
40000000000000000000000000000000904000000000000000000000000000000000000090400000000000000000000000000000000000009040000000000000000000000000000000000000904000000000000000000000000000000000000090400004
49944449000000000009900000009000000444404994444900000000000990000000900000044440499444490000000000099000000090000004444049944449000000000009900000009000000444404994444900000000000990000000900000044444
40999440000049044449944440099900990000000099944000004904444994444009990099000000009994400000490444499444400999009900000000999440000049044449944440099900990000000099944000004904444994444009990099000004
40000000000049000000900000009009004944444000000000004900000090000000900900494444400000000000490000009000000090090049444440000000000049000000900000009009004944444000000000004900000090000000900900494444
40004000000040000099000040000900004000099000400000004000009900004000090000400009900040000000400000990000400009000040000990004000000040000099000040000900004000099000400000004000009900004000090000400004
49004440000040000559000040094000994000999900444000004000055900004009400099400099990044400000400005590000400940009940009999004440000040000559000040094000994000999900444000004000055900004009400099400094
49900040000999000550040040994004444990099990004000099900055004004099400444499009999000400009990005500400409940044449900999900040000999000550040040994004444990099990004000099900055004004099400444499004
49990040000999000000004040094099444444009999004000099900000000404009409944444400999900400009990000000040400940994444440099990040000999000000004040094099444444009999004000099900000000404009409944444404
49999040000444000009900444444444444444400999904000044400000990044444444444444440099990400004440000099004444444444444444009999040000444000009900444444444444444400999904000044400000990044444444444444444
44999900000040000000940000000000000009000499990000004000000094000000000000000900049999000000400000009400000000000000090004999900000040000000940000000000000009000499990000004000000094000000000000000904
40444400000009690000644000499990044400000044440000000969000064400049999004440000004444000000096900006440004999900444000000444400000009690000644000499990044400000044440000000969000064400049999004440004
40000000000999600000640000944000004009900000000000099960000064000094400000400990000000000009996000006400009440000040099000000000000999600000640000944000004009900000000000099960000064000094400000400994
40000000009999600000600009990000000099900000000000999960000060000999000000009990000000000099996000006000099900000000999000000000009999600000600009990000000099900000000000999960000060000999000000009994
49000000000999600000600000400009099009900900000000099960000060000040000909900990090000000009996000006000004000090990099009000000000999600000600000400009099009900900000000099960000060000040000909900994
40000000000009666166600000400090049000900000000000000966616660000040009004900090000000000000096661666000004000900490009000000000000009666166600000400090049000900000000000000966616660000040009004900094
49400004940000004009000099990999000040000940000494000000400900009999099900004000094000049400000040090000999909990000400009400004940000004009000099990999000040000940000494000000400900009999099900004004
49400009490000000000000000949400000049999940000949000000000000000094940000004999994000094900000000000000009494000000499999400009490000000000000000949400000049999940000949000000000000000094940000004994
40000000000000000000000090004000000400000000000000000000000000009000400000040000000000000000000000000000900040000004000000000000000000000000000090004000000400000000000000000000000000009000400000040004
40444000444004004044440400040400004000000044400044400400404444040004040000400000004440004440040040444404000404000040000000444000444004004044440400040400004000000044400044400400404444040004040000400004
40404004999404094040000040400040049000400040400499940409404000004040004004900040004040049994040940400000404000400490004000404004999404094040000040400040049000400040400499940409404000004040004004900044
40444004090404904040040004000004099900000044400409040490404004000400000409990000004440040904049040400400040000040999000000444004090404904040040004000004099900000044400409040490404004000400000409990004
40400400444000449904440004000009944900000040040044400044990444000400000994490000004004004440004499044400040000099449000000400400444000449904440004000009944900000040040044400044990444000400000994490004
40000000000000000000000000000000904000000000000000000000000000000000000090400000000000000000000000000000000000009040000000000000000000000000000000000000904000000000000000000000000000000000000090400004
49944449000000000009900000009000000444404994444900000000000990000000900000044440499444490000000000099000000090000004444049944449000000000009900000009000000444404994444900000000000990000000900000044444
40999440000049044449944440099900990000000099944000004904444994444009990099000000009994400000490444499444400999009900000000999440000049044449944440099900990000000099944000004904444994444009990099000004
40000000000049000000900000009009004944444000000000004900000090000000900900494444400000000000490000009000000090090049444440000000000049000000900000009009004944444000000000004900000090000000900900494444
40004000000040000099000040000900004000099000400000004000009900004000090000400009900040000000400000990000400009000040000990004000000040000099000040000900004000099000400000004000009900004000090000400004
49004440000040000559000040094000994000999900444000004000055900004009400099400099990044400000400005590000400940009940009999004440000040000559000040094000994000999900444000004000055900004009400099400094
49900040000999000550040040994004444990099990004000099900055004004099400444499009999000400009990005500400409940044449900999900040000999000550040040994004444990099990004000099900055004004099400444499004
49990040000999000000004040094099444444009999004000099900000000404009409944444400999900400009990000000040400940994444440099990040000999000000004040094099444444009999004000099900000000404009409944444404
49999040000444000009900444444444444444400999904000044400000990044444444444444440099990400004440000099004444444444444444009999040000444000009900444444444444444400999904000044400000990044444444444444444
44999900000040000000940000000000000009000499990000004000000094000000000000000900049999000000400000009400000000000000090004999900000040000000940000000000000009000499990000004000000094000000000000000904
40444400000009690000644000499990044400000044440000000969000064400049999004440000004444000000096900006440004999900444000000444400000009690000644000499990044400000044440000000969000064400049999004440004
40000000000999600000640000944000004009900000000000099960000064000094400000400990000000000009996000006400009440000040099000000000000999600000640000944000004009900000000000099960000064000094400000400994
40000000009999600000600009990000000099900000000000999960000060000999000000009990000000000099996000006000099900000000999000000000009999600000600009990000000099900000000000999960000060000999000000009994
49000000000999600000600000400009099009900900000000099960000060000040000909900990090000000009996000006000004000090990099009000000000999600000600000400009099009900900000000099960000060000040000909900994
40000000000009666166600000400090049000900000000000000966616660000040009004900090000000000000096661666000004000900490009000000000000009666166600000400090049000900000000000000966616660000040009004900094
49400004940000004009000099990999000040000940000494000000400900009999099900004000094000049400000040090000999909990000400009400004940000004009000099990999000040000940000494000000400900009999099900004004
49400009490000000000000000949400000049999940000949000000000000000094940000004999994000094900000000000000009494000000499999400009490000000000000000949400000049999940000949000000000000000094940000004994
40000000000000000000000090004000000400000000000000000000000000009000400000040000000000000000000000000000900040000004000000000000000000000000000090004000000400000000000000000000000000009000400000040004
40444000444004004044440400040400004000000044400044400400404444040004040000400000004440004440040040444404000404000040000000444000444004004044440400040400004000000044400044400400404444040004040000400004
40404004999404094040000040400040049000400040400499940409404000004040004004900040004040049994040940400000404000400490004000404004999404094040000040400040049000400040400499940409404000004040004004900044
40444004090404904040040004000004099900000044400409040490404004000400000409990000004440040904049040400400040000040999000000444004090404904040040004000004099900000044400409040490404004000400000409990004
40400400444000449904440004000009944900000040040044400044990444000400000994490000004004004440004499044400040000099449000000400400444000449904440004000009944900000040040044400044990444000400000994490004
40000000000000000000000000000000904000000000000000000000000000000000000090400000000000000000000000000000000000009040000000000000000000000000000000000000904000000000000000000000000000000000000090400004
49944449000000000009900000009000000444404994444900000000000990000000900000044440499444490000000000099000000090000004444049944449000000000009900000009000000444404994444900000000000990000000900000044444
40999440000049044449944440099900990000000099944000004904444994444009990099000000009994400000490444499444400999009900000000999440000049044449944440099900990000000099944000004904444994444009990099000004
40000000000049000000900000009009004944444000000000004900000090000000900900494444400000000000490000009000000090090049444440000000000049000000900000009009004944444000000000004900000090000000900900494444
40004000000040000099000040000900004000099000400000004000009900004000090000400009900040000000400000990000400009000040000990004000000040000099000040000900004000099000400000004000009900004000090000400004
49004440000040000559000040094000994000999900444000004000055900004009400099400099990044400000400005590000400940009940009999004440000040000559000040094000994000999900444000004000055900004009400099400094
49900040000999000550040040994004444990099990004000099900055004004099400444499009999000400009990005500400409940044449900999900040000999000550040040994004444990099990004000099900055004004099400444499004
49990040000999000000004040094099444444009999004000099900000000404009409944444400999900400009990000000040400940994444440099990040000999000000004040094099444444009999004000099900000000404009409944444404
49999040000444000009900444444444444444400999904000044400000990044444444444444440099990400004440000099004444444444444444009999040000444000009900444444444444444400999904000044400000990044444444444444444
44999900000040000000940000000000000009000499990000004000000094000000000000000900049999000000400000009400000000000000090004999900000040000000940000000000000009000499990000004000000094000000000000000904
40444400000009690000644000499990044400000044440000000969000064400049999004440000004444000000096900006440004999900444000000444400000009690000644000499990044400000044440000000969000064400049999004440004
40000000000999600000640000944000004009900000000000099960000064000094400000400990000000000009996000006400009440000040099000000000000999600000640000944000004009900000000000099960000064000094400000400994
40000000009999600000600009990000000099900000000000999960000060000999000000009990000000000099996000006000099900000000999000000000009999600000600009990000000099900000000000999960000060000999000000009994
49000000000999600000600000400009099009900900000000099960000060000040000909900990090000000009996000006000004000090990099009000000000999600000600000400009099009900900000000099960000060000040000909900994
40000000000009666166600000400090049000900000000000000966616660000040009004900090000000000000096661666000004000900490009000000000000009666166600000400090049000900000000000000966616660000040009004900094
49400004940000004009000099990999000040000940000494000000400900009999099900004000094000049400000040090000999909990000400009400004940000004009000099990999000040000940000494000000400900009999099900004004
49400009490000000000000000949400000049999940000949000000000000000094940000004999994000094900000000000000009494000000499999400009490000000000000000949400000049999940000949000000000000000094940000004994
40000000000000000000000090004000000400000000000000000000000000009000400000040000000000000000000000000000900040000004000000000000000000000000000090004000000400000000000000000000000000009000400000040004
40444000444004004044440400040400004000000044400044400400404444040004040000400000004440004440040040444404000404000040000000444000444004004044440400040400004000000044400044400400404444040004040000400004
40404004999404094040000040400040049000400040400499940409404000004040004004900040004040049994040940400000404000400490004000404004999404094040000040400040049000400040400499940409404000004040004004900044
40444004090404904040040004000004099900000044400409040490404004000400000409990000004440040904049040400400040000040999000000444004090404904040040004000004099900000044400409040490404004000400000409990004
40400400444000449904440004000009944900000040040044400044990444000400000994490000004004004440004499044400040000099449000000400400444000449904440004000009944900000040040044400044990444000400000994490004
40000000000000000000000000000000904000000000000000000000000000000000000090400000000000000000000000000000000000009040000000000000000000000000000000000000904000000000000000000000000000000000000090400004
49944449000000000009900000009000000444404994444900000000000990000000900000044440499444490000000000099000000090000004444049944449000000000009900000009000000444404994444900000000000990000000900000044444
40999440000049044449944440099900990000000099944000004904444994444009990099000000009994400000490444499444400999009900000000999440000049044449944440099900990000000099944000004904444994444009990099000004
40000000000049000000900000009009004944444000000000004900000090000000900900494444400000000000490000009000000090090049444440000000000049000000900000009009004944444000000000004900000090000000900900494444
40004000000040000099000040000900004000099000400000004000009900004000090000400009900040000000400000990000400009000040000990004000000040000099000040000900004000099000400000004000009900004000090000400004
49004440000040000559000040094000994000999900444000004000055900004009400099400099990044400000400005590000400940009940009999004440000040000559000040094000994000999900444000004000055900004009400099400094
49900040000999000550040040994004444990099990004000099900055004004099400444499009999000400009990005500400409940044449900999900040000999000550040040994004444990099990004000099900055004004099400444499004
49990040000999000000004040094099444444009999004000099900000000404009409944444400999900400009990000000040400940994444440099990040000999000000004040094099444444009999004000099900000000404009409944444404
49999040000444000009900444444444444444400999904000044400000990044444444444444440099990400004440000099004444444444444444009999040000444000009900444444444444444400999904000044400000990044444444444444444
44999900000040000000940000000000000009000499990000004000000094000000000000000900049999000000400000009400000000000000090004999900000040000000940000000000000009000499990000004000000094000000000000000904
40444400000009690000644000499990044400000044440000000969000064400049999004440000004444000000096900006440004999900444000000444400000009690000644000499990044400000044440000000969000064400049999004440004