044444444444444444444444444444444444444444
004444000000096900006440004999900444000004
400000000009996000006400009440000040099004
400000000099996000006000099900000000999002
490000000009996000006000004000090990099004
400000000000096661666000004000900490009004
494000049400000040090000999909990000400004
494000094900000000000000009494000000499994
400000000000000000000000900040000004000004
404440004440040040444404000404000040000004
404040049994040940400000404000400490004004
404440040904049040400400040000040999000004
404004004440004499044400040000099449000004
400000000000000000000000000000009040000004
499444490000000000099000000090000004444044
409994400000490444499444400999009900000004
400000000000490000009000000090090049444444
400040000000400000990000400009000040000994
490044400000400005590000400940009940009994
499000400009990005500400409940044449900994
499900400009990000000040400940994444440094
499990400004440000099004444444444444444004
449999000000400000009400000000000000090004
444444444444444444444444444444444444444444

0=Path  1=ClosedDoor 2=OpenDoorTop 3=OpenDoorLeft 4=Tree 
5=WallTop 6=WallSide 7=WallTopRight 8=WallButtomRight 9=Moor