Key_1: 992, 2560
Key_2: 1120, 2080

HealPotions:
Map1:
2976, 2304
3648, 2432
2464, 2688

Map2:
1504, 2560
1760, 2688
1120, 2016
800, 2688
512, 2016

Map3:
2592, 1568
2752, 1152
1632, 1120
1312, 1312
1696, 672
3136, 608

Coins:
Map1:
2528, 2080
2528, 2272
2526, 2464
2720, 2080
2816, 2304
2784, 2464
3040, 2400
3136, 2208
3264, 2080
3456, 2112
3264, 2336
3360, 2496
3456, 2464
3520, 2528
3584, 2592
3520, 2688

Map2:
4225, 4225
1632, 2400
1568, 2240
1536, 2048
1472, 2144
1024, 2080
1344, 2432
1280, 2272
1216, 2336
1184, 2112
1184, 2016
1056, 2016
1056, 2112
1024, 2240
896, 2176
704, 2208
1024, 2304
704, 2432
736, 2592
640, 2048

Map3:
2592, 1728
2592, 1696
2592, 1664
2592, 1632
2752, 1248
2816, 1152
2688, 1152
2240, 1120
2112, 1248
2112, 1024
2208, 864
2112, 864
2080, 704
2048, 1184
1888, 1184
1696, 1024
1632, 1184
1440, 1088
1376, 928
1440, 704



Patrol Enemys:








